Unsorted list: [60, 654, 111, 359, 213, 505, 261, 606, 286, 13]
Sorting by selection:
[13]
[13, 60]
[13, 60, 111]
[13, 60, 111, 213]
[13, 60, 111, 213, 261]
[13, 60, 111, 213, 261, 286]
[13, 60, 111, 213, 261, 286, 359]
[13, 60, 111, 213, 261, 286, 359, 505]
[13, 60, 111, 213, 261, 286, 359, 505, 606]
[13, 60, 111, 213, 261, 286, 359, 505, 606, 654]
Sorted list: [13, 60, 111, 213, 261, 286, 359, 505, 606, 654].
Needed 55 comparisons.
Bubble sorting:
[654, 60, 111, 359, 213, 505, 261, 606, 286, 13]
[654, 111, 60, 359, 213, 505, 261, 606, 286, 13]
[654, 111, 359, 60, 213, 505, 261, 606, 286, 13]
[654, 111, 359, 213, 60, 505, 261, 606, 286, 13]
[654, 111, 359, 213, 505, 60, 261, 606, 286, 13]
[654, 111, 359, 213, 505, 261, 60, 606, 286, 13]
[654, 111, 359, 213, 505, 261, 606, 60, 286, 13]
[654, 111, 359, 213, 505, 261, 606, 286, 60, 13]
[654, 359, 111, 213, 505, 261, 606, 286, 60, 13]
[654, 359, 213, 111, 505, 261, 606, 286, 60, 13]
[654, 359, 213, 505, 111, 261, 606, 286, 60, 13]
[654, 359, 213, 505, 261, 111, 606, 286, 60, 13]
[654, 359, 213, 505, 261, 606, 111, 286, 60, 13]
[654, 359, 213, 505, 261, 606, 286, 111, 60, 13]
[654, 359, 505, 213, 261, 606, 286, 111, 60, 13]
[654, 359, 505, 261, 213, 606, 286, 111, 60, 13]
[654, 359, 505, 261, 606, 213, 286, 111, 60, 13]
[654, 359, 505, 261, 606, 286, 213, 111, 60, 13]
[654, 505, 359, 261, 606, 286, 213, 111, 60, 13]
[654, 505, 359, 606, 261, 286, 213, 111, 60, 13]
[654, 505, 359, 606, 286, 261, 213, 111, 60, 13]
[654, 505, 606, 359, 286, 261, 213, 111, 60, 13]
[654, 606, 505, 359, 286, 261, 213, 111, 60, 13]
Sorted list: [654, 606, 505, 359, 286, 261, 213, 111, 60, 13].
Needed 63 comparisons.
